3,5,82~4,5,82
8,2,35~8,3,35
0,1,195~0,3,195
7,7,190~7,8,190
2,5,125~2,5,128
8,7,171~8,7,174
0,9,150~2,9,150
0,7,99~0,9,99
0,1,200~0,4,200
5,8,94~6,8,94
6,2,173~6,4,173
5,3,71~5,3,73
9,1,132~9,3,132
2,6,79~4,6,79
7,2,45~8,2,45
7,7,125~7,9,125
3,7,136~5,7,136
4,8,241~6,8,241
3,4,43~3,5,43
2,8,235~2,8,237
6,5,15~6,5,15
4,0,114~4,1,114
1,2,98~1,4,98
4,2,222~5,2,222
1,8,244~3,8,244
6,5,161~7,5,161
3,0,138~3,2,138
0,0,248~1,0,248
0,1,197~2,1,197
2,6,134~3,6,134
7,5,143~7,8,143
1,7,32~2,7,32
6,8,220~6,8,222
2,7,242~4,7,242
9,2,234~9,5,234
6,2,170~8,2,170
4,3,144~4,4,144
3,3,101~3,5,101
0,8,13~2,8,13
3,2,112~3,4,112
2,2,15~2,4,15
5,4,85~5,6,85
4,6,185~6,6,185
4,3,197~6,3,197
6,2,101~8,2,101
1,0,175~2,0,175
5,6,135~5,9,135
7,6,119~7,8,119
0,5,11~1,5,11
8,1,8~9,1,8
8,4,250~8,7,250
7,0,94~7,0,96
5,9,6~6,9,6
7,7,249~7,8,249
7,2,154~7,3,154
8,5,2~8,7,2
8,4,88~8,6,88
5,6,141~7,6,141
4,6,151~6,6,151
2,6,157~2,9,157
8,6,141~8,8,141
7,9,54~9,9,54
2,5,53~2,7,53
0,6,103~3,6,103
5,6,217~7,6,217
3,2,37~6,2,37
0,7,37~2,7,37
4,0,128~4,2,128
0,2,44~0,4,44
1,8,155~3,8,155
4,4,229~7,4,229
0,1,55~0,1,57
5,8,46~7,8,46
6,0,14~8,0,14
4,9,236~6,9,236
3,3,146~6,3,146
0,6,153~0,7,153
2,3,123~2,5,123
4,7,16~6,7,16
7,5,94~8,5,94
6,7,165~8,7,165
4,2,133~4,4,133
1,6,86~1,9,86
3,3,107~3,4,107
3,0,174~6,0,174
9,2,137~9,3,137
8,0,205~8,0,208
8,2,213~9,2,213
0,1,249~2,1,249
2,0,140~2,0,140
1,9,26~3,9,26
5,7,64~5,9,64
5,6,17~6,6,17
0,4,181~3,4,181
0,4,7~0,6,7
9,3,147~9,6,147
3,4,157~3,7,157
8,6,136~8,8,136
6,7,105~9,7,105
9,1,14~9,3,14
0,7,213~2,7,213
0,8,104~2,8,104
7,7,17~7,9,17
2,1,190~5,1,190
9,6,104~9,8,104
0,7,17~2,7,17
1,1,202~1,3,202
2,3,32~2,5,32
1,9,29~1,9,29
2,4,188~2,7,188
3,4,131~3,4,132
3,8,206~6,8,206
6,2,95~9,2,95
7,0,16~9,0,16
0,3,154~0,3,155
2,2,1~4,2,1
3,0,226~5,0,226
5,2,179~8,2,179
8,9,56~9,9,56
1,7,36~1,9,36
6,6,7~6,8,7
5,4,237~5,7,237
6,8,39~9,8,39
6,4,116~8,4,116
8,9,67~8,9,68
3,0,113~6,0,113
0,1,139~3,1,139
3,8,157~3,9,157
5,5,3~5,7,3
5,9,118~7,9,118
9,1,98~9,3,98
3,2,85~3,4,85
4,5,67~4,7,67
5,5,113~8,5,113
5,5,117~5,6,117
6,4,125~6,4,129
3,7,114~7,7,114
3,3,191~4,3,191
5,0,217~5,3,217
1,8,174~4,8,174
4,9,252~5,9,252
9,8,118~9,9,118
1,1,92~1,3,92
3,1,39~5,1,39
3,0,66~5,0,66
6,6,182~9,6,182
1,6,150~1,6,152
2,3,110~3,3,110
6,3,187~8,3,187
0,5,177~0,7,177
3,5,40~4,5,40
2,0,224~2,0,227
7,1,101~8,1,101
6,0,163~6,0,166
5,2,52~5,4,52
8,4,71~8,7,71
4,6,146~6,6,146
2,1,109~5,1,109
1,1,154~1,3,154
0,2,151~0,5,151
4,7,34~8,7,34
3,6,135~3,8,135
3,0,220~6,0,220
2,4,156~2,7,156
6,3,41~8,3,41
3,5,205~3,6,205
9,1,34~9,4,34
0,4,3~0,4,5
5,0,19~5,2,19
3,4,105~6,4,105
9,1,205~9,4,205
0,1,1~1,1,1
2,3,120~4,3,120
2,6,155~4,6,155
9,1,211~9,2,211
9,0,21~9,0,23
9,1,173~9,1,175
7,5,117~7,7,117
2,5,99~2,8,99
0,9,111~1,9,111
5,1,218~5,3,218
2,2,180~5,2,180
5,0,30~5,2,30
5,5,155~6,5,155
6,5,236~9,5,236
9,8,124~9,9,124
0,5,30~0,7,30
8,1,210~8,2,210
8,1,124~8,4,124
3,9,39~4,9,39
7,1,192~7,3,192
0,3,237~2,3,237
1,9,54~2,9,54
8,7,87~8,9,87
4,5,205~4,5,207
6,4,48~6,6,48
8,1,233~8,1,235
0,6,182~2,6,182
7,0,46~7,0,49
9,4,153~9,5,153
2,6,24~3,6,24
7,6,126~7,8,126
5,0,202~8,0,202
7,0,196~7,0,199
4,8,65~7,8,65
0,6,96~2,6,96
9,5,14~9,6,14
3,3,151~4,3,151
7,6,50~9,6,50
1,4,38~1,4,38
1,5,195~1,7,195
2,4,173~2,6,173
8,6,60~8,8,60
1,2,218~2,2,218
5,2,165~7,2,165
4,2,16~7,2,16
8,2,17~8,3,17
5,7,81~5,8,81
3,9,248~4,9,248
0,6,154~2,6,154
1,8,11~3,8,11
2,1,192~2,2,192
6,5,152~6,6,152
3,5,208~3,6,208
7,8,48~7,8,51
6,6,179~7,6,179
7,1,172~7,3,172
3,9,36~5,9,36
4,3,171~4,3,173
1,0,249~5,0,249
0,6,175~0,9,175
1,4,101~1,5,101
7,8,216~7,9,216
2,7,55~3,7,55
7,5,49~9,5,49
4,7,146~5,7,146
6,7,108~9,7,108
0,7,58~0,9,58
0,3,103~1,3,103
3,7,238~3,7,240
6,4,151~6,4,151
3,5,4~3,9,4
2,0,36~4,0,36
8,6,23~8,8,23
6,1,111~6,4,111
6,1,106~9,1,106
0,1,54~0,3,54
2,4,178~4,4,178
5,6,240~7,6,240
3,9,126~6,9,126
1,4,230~1,6,230
3,8,7~3,9,7
0,3,127~0,5,127
0,0,206~0,3,206
0,9,192~0,9,195
6,8,84~9,8,84
0,6,101~0,8,101
3,0,6~3,2,6
1,8,66~4,8,66
0,1,60~0,2,60
9,0,11~9,0,14
2,4,14~4,4,14
0,1,166~0,1,168
1,1,50~1,1,51
3,2,57~3,2,58
4,3,100~4,5,100
1,6,134~1,9,134
1,4,9~1,6,9
0,4,121~0,7,121
5,3,83~8,3,83
9,5,107~9,5,108
5,5,9~6,5,9
3,5,107~6,5,107
5,6,35~5,9,35
2,6,229~2,9,229
5,3,245~5,5,245
3,1,182~3,3,182
7,8,59~9,8,59
6,0,115~6,3,115
0,8,223~3,8,223
9,5,54~9,6,54
8,3,159~8,6,159
0,7,151~2,7,151
0,4,201~0,7,201
2,7,29~3,7,29
6,2,127~9,2,127
0,4,184~0,4,185
1,0,94~2,0,94
9,3,124~9,4,124
6,0,116~9,0,116
0,8,18~1,8,18
8,2,159~9,2,159
0,7,222~2,7,222
2,5,244~5,5,244
5,6,254~5,8,254
4,1,6~4,1,8
8,0,30~9,0,30
7,9,42~8,9,42
8,7,213~8,7,213
1,6,203~3,6,203
8,3,127~8,5,127
0,5,136~2,5,136
2,3,231~2,6,231
7,4,198~7,6,198
6,4,233~6,4,233
0,5,216~0,8,216
0,1,213~1,1,213
4,8,67~5,8,67
7,0,234~7,2,234
1,4,35~3,4,35
8,7,123~8,9,123
2,3,95~4,3,95
2,9,234~4,9,234
7,4,63~7,7,63
6,8,239~6,9,239
9,1,100~9,1,103
2,7,165~4,7,165
6,5,200~8,5,200
1,6,131~3,6,131
7,0,77~7,3,77
5,8,169~5,8,171
2,4,136~5,4,136
3,6,27~3,7,27
2,5,242~4,5,242
5,2,46~7,2,46
5,6,238~5,7,238
5,3,29~8,3,29
4,6,126~4,8,126
7,1,128~9,1,128
5,3,69~8,3,69
8,6,190~8,8,190
2,5,43~2,7,43
5,7,223~5,9,223
0,0,27~3,0,27
5,2,123~5,4,123
1,6,185~3,6,185
5,1,167~5,2,167
5,2,13~7,2,13
2,1,241~2,3,241
1,4,215~2,4,215
3,6,132~5,6,132
9,1,220~9,3,220
5,7,2~5,9,2
1,2,137~1,4,137
4,7,93~4,7,94
5,4,34~7,4,34
1,9,206~2,9,206
6,0,102~9,0,102
3,3,1~3,6,1
4,9,31~4,9,31
3,7,183~4,7,183
2,6,213~4,6,213
6,4,148~8,4,148
3,2,23~5,2,23
6,1,213~8,1,213
0,7,160~0,8,160
6,9,152~8,9,152
0,0,106~0,3,106
1,2,205~2,2,205
9,3,159~9,5,159
5,4,168~5,7,168
0,4,218~0,7,218
7,4,81~7,6,81
1,1,143~3,1,143
5,6,231~5,7,231
9,2,121~9,5,121
5,0,8~5,1,8
3,4,170~3,6,170
4,6,145~4,8,145
5,8,138~7,8,138
6,7,244~6,9,244
2,4,75~5,4,75
7,7,58~7,9,58
5,0,131~5,2,131
3,4,82~5,4,82
2,6,201~2,7,201
0,0,90~2,0,90
4,7,150~6,7,150
2,2,101~4,2,101
1,7,93~1,9,93
6,4,5~6,7,5
1,5,2~2,5,2
7,8,224~7,9,224
6,7,40~6,9,40
5,4,99~7,4,99
1,3,114~2,3,114
8,9,199~9,9,199
6,5,110~6,6,110
0,5,119~0,6,119
8,6,196~8,8,196
7,5,52~9,5,52
7,6,211~7,7,211
0,2,224~1,2,224
3,2,166~5,2,166
6,0,231~6,2,231
2,5,147~2,7,147
6,6,10~9,6,10
7,5,66~8,5,66
5,2,106~5,4,106
0,4,187~0,7,187