1024
16
32
1
32
81
5184
13645
14406
32
162
166468
1990148
1227474
2394964
3125
7776
17973233
1024
162
32
15034
16
61440000
19683
32
61538418
8851
162
173796
24444033
28820
6179732
8192
16
243
162
81
7203
243
2945371
12584
1875
243
6480
60000
32
7776
5070498
16384
243
243
40389608
243
227446490
7776
7776
822394
147318480
2327272
13023
98407
433104
2500
73286
32
3411720000
41192
5184
1
340461
87127488
37087872
16384
1948250
162
3268760
162
1750329
1197476
14406
512
141008
1250
19683
39022
7588
765011
50480
243
162
1
1875
243
1250
52774
2500
45927
37404
16
162
39366
1024
766356526196
354304
732252
1024
48003
593984
6444
4144
3888
126
580152184
60000
243
1875
32
15124
1
1024
5184
243
1875
7776
1
32
953600
590208
81
224766
24576
29282
243
2592
162
33301
162
81
6906010
16
20400
589824
1524
243
3125
165888
22717720
13506595075
16
2108304
243
3198832
124416
10877220
59820
696
3888
243
1957574
3888
2500
27969360
1024
3888
156917
243
32
234877
32
243
32
7642
2835381
610125
9604
32
16
2056453
768
18678
1024
243
3888
768
123893101
635292
32
19683
839808
506250
164
500767015
29208
32
17853304
6480
4486184126
243
512
60000
256
2409
80000
9105464
2136
512
24576
768
17955411
26243526
162
59044656
13212
512
32
76800000
152150
768
16539
1033649472
224959
1
3487588
168399
768
32
1852798104
3888
19683
59049
584442353
162
1
23271
8311689
141675749376
243
7117337
4456191601962
121164
256
1
5219376
29282
162
512
32
207340
12005
1250
19683
422
9269578626
12005
606736
458752
36160375
81
102622500
139619745
243
162
4228
9778894
1103820
32
243
32805
386
32805
1
150767
82008056
243
87846
398608
264645592
190532
16
1
69056
21085
412536
1
162
162
32
162
6480000
98644
16
1
8726
1563
243
162
30000
768
256
23609
768
19164
26244
7696
50000
18030
1024
81
32
1024
243
32
32
19326
7814
162
32
289598
1
768
1024
571
9604
32
51834
1625992
16
768
60000
5318463
4388256
9604
16
288276
81
1
1875
703432
1259712
28211
60000
5184
4110
45927
31850496
32
295034880
5402570
334469
44445
29031
81
8796701979
1
224959
400329
162
3994392
14406
32
32
145140400
32
52022849
11703
81
512
42705749
7776
930822
512
162
243
456777
512
1
5184
1
215408
39366
1875
32
32
7776
24576
6330300
162
124416
30012500
436640
4714077
32
291930048
32
37404
32522752
243
1936561
162
162
243
117128
257961
15504
162
32
1010467570
7301868346
15124
1810815
768
4412167
506250
2057533
3077956
326322
1024
796
162
1
2158956
24241
59049
16384
154084
162
32
1
35439353
162
12288
653079
243
3888
78264
7851859056
1
74748150
47520
512
1
32
1
1
7530967
619899717893
4548654
512
32
1412471
1371693534
243
386414718
16
32
243
16
257049
1197476
7203
944784
512
32
16
11213
32
74928
195332040
266667195
12005
2907
32
2500
20246
20684
512
1024
165959199
16253
410005
506250
32
16
1227
1920000
7776
16807
1
124416
32
98334
81156
162
162
651
1920000
64011786
30940
6973
1
16
16
32
243
243
60000
16
16
35042192
1
786432
32
3888
25404
1
512
7776
1024
16
69976
6250000
9604
852012
512
1
1
17484
63400
443529757
57831615
2154
1
1250
12947
1
1
81
1317428
1
32768
4162
528
243
1875
7851859056
5055
162
1250
70000
1250
32
77636
243
607500
30000
14899740
1
32
243
243
243
15620
14340
7776
1422
691712
2601360
78667994310
29553449592
1740092
4616832
1024
162
18265072106
1875
394816
7776
2374035
94288
153664
32
26361
32
42890128
12150000
7776
24576
669885369
2336257
32
9748
1024
50000
81
32768
5703
32
12935580
256
1875
107840
8794
243
162225
32
243
32
102487
5926572
162
9604
32
512
52488
2500
248383
987
2832853
12003844
16807
1231872
29584
3125
12005
5316033
512
1875
1024
92798
16807
2592
1
884878
108288
16
2500
243
16008762402
7100
487952
2592863301
2500
3125
271591
3888
33592
2592
334985008
3125
4510
243
1259712
32
2392268
32
1024
2107392042
40000
2592
2401
1
243
1024
6480
58454016
32190
1
1471812733
450
40000
177474
241881158
12005
850658669026
32
7203
931096244
5184
59049
871
768
141084
162
16
512
82271
7776
3877763
13438339
498139
32
162
32768
162
4785450
1
1
1
243
512
768
243
32
32
272
744384
5184
52440290
108621
528
7776
34
1470322
2476099
7642
40708
1
2510
162
1423
1
243
102487
1875
512
162
16
1
1
162
208145
39366
1024
16807
16
2500
904326
39366
243
3268760
162
2019
32
9604
2500
172450
1
293872
189051
3655808
57055347
502092
7372
6358116033
2007
16
512
132405
81072021
1
16
705580
7839778512
32
16518395616
1
4644864
944784
3888
371412
4528809
256
552395925
987250
391292223
1
5184
1002252
6717375
313800
684204
9948
753065115
9020
299839
9604
1327370
32
839951
16
12789
32
131769
32
3888
18674694
736689304
5645606
35088
39167
16384
1280000
4552
12005
9473409
1
25032325
768
1
45957375
167285
39366
81
243
58564
2974449
1210
405000
439600
32
32
192080
60000
512
1
58564
162
91136
321040
32
81
512
20480
243
6556263
9604
3888
1024
1145874
12389066457
81
32
3981760
1
7776
3125
113087
16384
193977438
32
1
189351
243
16
108985072
11063808
855200
231233375
3363
1731136
683
768
20374126
16
162
1
52022849
9181184
768
97143393
1
5184
2194192
21951766
5184
16
78012
162
5184
1024
39366
1875
32
7792724080
412684
3708
11992748
1024
232
163198
243
81
768
131772
28641
5157
1
353167
581904
712096
812092282
1024
1
16
19967
4802
16807
18046
16
1430098
1
4003220
13936712492
8235021212
3125
118320
118965
404651626
243
1
1227872
32
78904810
1024
16
165888
506250
18952114
5184
16807
32
46542120
307328
512
29051
97224704
1
47246
243
1
32
1024
16
32
512
39366
32
382756
3179
243
886093
1562842005
1
36378632
85674
6428103
32
1
165888
32
1
40000
14406
80000
162
16384
26162
1024
1
3888
32
7776
47939748
16
2424981
57774750
7776
7776
1
47061
1
38328130
39740
1
512
243
243
15666871
162
1875
81
40484
512
2063300
370412
5184
32184
162
6281
